52 40
58 56
98 92
15 21
71 20
89 68
4 64
19 46
33 45
64 78
73 35
68 48
39 97
85 73
46 2
14 31
95 50
65 79
61 91
96 24
44 29
88 29
62 10
86 74
49 89
43 39
39 17
55 68
79 35
45 67
71 22
42 4
3 70
34 85
20 31
17 14
37 17
92 26
80 88
50 20
95 61
16 6
96 26
35 19
6 13
8 32
4 50
33 86
84 79
24 92
78 8
56 60
91 57
18 85
25 36
64 82
16 42
45 78
60 5
5 69
95 36
35 3
51 84
7 51
6 61
95 63
26 73
59 52
10 31
16 81
64 11
62 23
25 38
8 52
54 83
46 45
39 39
85 6
9 5
63 49
55 38
16 56
36 98
42 93
4 54
44 90
76 88
10 33
70 54
11 32
72 81
90 32
2 93
74 45
81 93
29 22
92 60
28 2
99 53
84 86
75 62
11 4
35 53
40 49
43 11
15 4
69 39
99 10
45 39
90 71
99 19
82 67
0 43
97 76
74 56
17 4
28 68
78 17
37 80
75 64
9 73
77 36
87 38
60 84
98 13
70 95
7 2
53 54
56 50
96 34
90 82
18 75
48 76
94 52
60 50
17 61
41 46
33 51
5 77
58 80
86 96
1 55
12 37
1 0
27 74
55 99
99 78
61 39
64 1
27 46
19 42
45 6
57 99
86 80
12 21
14 82
15 47
6 44
89 30
12 94
13 59
26 56
34 27
10 60
45 36
47 97
22 43
90 22
57 19
48 16
2 83
38 24
66 40
21 72
38 88
28 56
78 69
58 66
21 26
4 74
50 16
93 14
17 77
73 54
36 35
45 47
42 30
51 26
2 76
74 28
42 94
5 47
49 17
3 4
32 49
69 68
4 76
7 38
73 38
89 98
45 95
2 5
68 14
99 84
40 62
8 94
30 94
31 13
72 14
80 61
81 26
7 22
18 86
93 0
47 12
50 11
89 82
28 8
42 7
45 88
88 68
30 78
75 13
9 77
66 10
83 90
0 28
63 11
77 58
72 71
79 22
7 15
33 98
53 12
67 75
79 40
55 73
34 17
54 29
18 42
73 42
65 4
70 89
23 32
37 31
40 48
92 95
67 61
24 15
41 31
